testi <- 2 +2 